# Time-averaged data for fix global_out
# TimeStep v_nmobile v_nbank v_noutlet f_outlet c_sum_contact c_max_contact c_sum_ke c_sum_erot c_bank_contact c_bank_ke c_bank_erot
0 0 0 0 0 0 -1e+20 0 0 0 0 0
2000 9141 0 0 0 6 1 1.16778e-06 6.58436e-11 0 0 0
4000 9141 0 0 0 10 1 1.19208e-06 1.20129e-10 0 0 0
6000 9141 0 0 0 10 1 1.21664e-06 1.66095e-10 0 0 0
8000 9141 0 0 0 10 1 1.24147e-06 1.9832e-10 0 0 0
10000 9141 0 0 0 2 1 1.26655e-06 2.25577e-10 0 0 0
12000 9141 0 0 0 6 1 1.29189e-06 2.5429e-10 0 0 0
14000 9141 0 0 0 2 1 1.31748e-06 2.79491e-10 0 0 0
16000 9141 130 0 0 8 1 1.34333e-06 3.05174e-10 0 2.25336e-08 1.41626e-12
18000 9141 452 0 0 6 1 1.36943e-06 3.24066e-10 0 8.04882e-08 5.7283e-12
20000 9141 753 0 0 2 1 1.39579e-06 3.44909e-10 0 1.34638e-07 1.04099e-11
22000 9141 1083 0 0 2 1 1.4224e-06 3.57268e-10 0 1.95813e-07 1.71441e-11
24000 9141 1438 0 0 2 1 1.44722e-06 2.13236e-09 0 2.60221e-07 1.78825e-09
26000 9141 1799 0 0 12 1 1.46619e-06 8.38555e-09 4 3.21899e-07 8.0368e-09
28000 9141 2175 0 0 6 1 1.48292e-06 1.41913e-08 2 3.83752e-07 1.3838e-08
30000 9141 2556 0 0 6 1 1.49648e-06 2.23829e-08 4 4.43786e-07 2.18656e-08
32000 9141 2944 0 0 14 1 1.50936e-06 2.90885e-08 10 5.06844e-07 2.82421e-08
34000 17337 3373 0 0 17 1 2.56115e-06 3.53165e-08 9 5.7877e-07 3.40467e-08
36000 17337 3857 0 0 21 1 2.59418e-06 4.16003e-08 7 6.59495e-07 4.05048e-08
38000 17337 4334 0 0 22 1 2.62605e-06 4.71907e-08 20 7.39687e-07 4.59801e-08
40000 17337 4861 0 0 26 1 2.65446e-06 5.4127e-08 18 8.24575e-07 5.27091e-08
42000 17337 5453 0 0 11 1 2.68482e-06 5.87603e-08 7 9.28947e-07 5.73181e-08
44000 17337 6187 0 0 37 1 2.71248e-06 6.52015e-08 31 1.05818e-06 6.31585e-08
46000 17337 7215 0 0 50 2 2.73854e-06 7.10738e-08 42 1.23555e-06 6.9182e-08
48000 17337 8546 0 0 36 1 2.7587e-06 7.88735e-08 30 1.46693e-06 7.72254e-08
50000 17337 9383 0 0 65 1 2.76964e-06 8.67686e-08 57 1.59817e-06 8.56161e-08
52000 17337 9672 0 0 84 2 2.77017e-06 9.57123e-08 78 1.62791e-06 9.46984e-08
54000 17337 9939 0 0 59 2 2.77375e-06 9.95211e-08 59 1.65829e-06 9.85084e-08
56000 17337 10230 0 0 94 2 2.7845e-06 1.02689e-07 90 1.69984e-06 1.01449e-07
58000 17337 10535 0 0 64 1 2.80525e-06 1.02226e-07 58 1.7551e-06 1.01117e-07
60000 17337 10841 0 0 51 1 2.82901e-06 1.03543e-07 49 1.81447e-06 1.0215e-07
62000 17337 11194 0 0 36 1 2.855e-06 1.04391e-07 34 1.88431e-06 1.02658e-07
64000 17337 11537 0 0 38 1 2.87793e-06 1.10634e-07 32 1.95039e-06 1.08658e-07
66000 25865 11930 0 0 49 1 3.96613e-06 1.24812e-07 39 2.01602e-06 1.22836e-07
68000 25865 12353 0 0 55 1 3.98984e-06 1.42667e-07 45 2.07693e-06 1.40662e-07
70000 25865 12778 0 0 57 1 4.01462e-06 1.56151e-07 49 2.1416e-06 1.54091e-07
72000 25865 13243 0 0 59 2 4.03977e-06 1.69944e-07 55 2.21212e-06 1.68033e-07
74000 25865 13729 0 0 59 1 4.0595e-06 1.85208e-07 53 2.28296e-06 1.8318e-07
76000 25865 14334 0 0 62 1 4.08279e-06 1.95059e-07 58 2.38282e-06 1.93284e-07
78000 25865 15150 0 0 84 2 4.10148e-06 2.0952e-07 78 2.51448e-06 2.07847e-07
80000 25865 16265 0 0 88 2 4.10735e-06 2.27653e-07 78 2.6901e-06 2.26106e-07
82000 25865 17463 0 0 101 2 4.10628e-06 2.42998e-07 99 2.87261e-06 2.42005e-07
84000 25865 17806 0 0 96 2 4.09511e-06 2.60117e-07 90 2.89632e-06 2.5927e-07
86000 25865 18123 0 0 129 1 4.07002e-06 2.7832e-07 117 2.90444e-06 2.77545e-07
88000 25865 18436 0 0 143 2 4.04676e-06 2.91113e-07 134 2.91518e-06 2.90397e-07
90000 25865 18749 0 0 116 1 4.02968e-06 2.99212e-07 112 2.93486e-06 2.98355e-07
92000 25865 19070 0 0 144 2 4.00999e-06 3.07949e-07 140 2.95193e-06 3.07126e-07
94000 25865 19432 0 0 106 1 3.99807e-06 3.11415e-07 104 2.98432e-06 3.10595e-07
96000 25865 19780 0 0 128 1 3.98721e-06 3.16181e-07 126 3.01774e-06 3.15142e-07
98000 25865 20175 0 0 144 2 3.97639e-06 3.20247e-07 140 3.05906e-06 3.19323e-07
100000 34690 20583 0 0 140 1 5.09729e-06 3.23062e-07 130 3.10928e-06 3.21928e-07
102000 34690 21008 0 0 122 2 5.11706e-06 3.27948e-07 116 3.16502e-06 3.266e-07
104000 34690 21485 0 0 127 2 5.13841e-06 3.34763e-07 123 3.23207e-06 3.33446e-07
106000 34690 21976 0 0 119 1 5.16601e-06 3.38876e-07 113 3.30814e-06 3.37508e-07
108000 34690 22575 0 0 141 2 5.1905e-06 3.42178e-07 133 3.40237e-06 3.40942e-07
110000 34690 23301 0 0 165 2 5.21309e-06 3.50285e-07 153 3.52104e-06 3.48965e-07
112000 34690 24383 0 0 146 1 5.23033e-06 3.58951e-07 136 3.70358e-06 3.57572e-07
114000 34690 25768 0 0 148 2 5.24176e-06 3.69866e-07 148 3.93662e-06 3.68913e-07
116000 34690 26241 0 0 211 2 5.24121e-06 3.85024e-07 211 3.99182e-06 3.84349e-07
118000 34690 26542 0 0 202 2 5.2292e-06 3.96794e-07 198 4.00975e-06 3.96095e-07
120000 34690 26850 0 0 178 2 5.21546e-06 4.05006e-07 170 4.02851e-06 4.04253e-07
122000 34690 27181 0 0 177 2 5.20012e-06 4.10489e-07 175 4.04969e-06 4.09627e-07
124000 34690 27499 0 0 195 2 5.18621e-06 4.21326e-07 191 4.07098e-06 4.20507e-07
126000 34690 27841 0 0 196 2 5.17572e-06 4.24687e-07 194 4.10207e-06 4.23674e-07
128000 34690 28232 0 0 174 2 5.16575e-06 4.29383e-07 174 4.14435e-06 4.28508e-07
130000 34690 28619 0 0 159 2 5.15915e-06 4.32904e-07 155 4.1901e-06 4.31798e-07
132000 43867 29034 0 0 247 2 6.31141e-06 4.34303e-07 245 4.24308e-06 4.32987e-07
134000 43867 29466 0 0 179 2 6.32515e-06 4.45298e-07 173 4.29438e-06 4.43558e-07
136000 43867 29917 0 0 170 1 6.34914e-06 4.48498e-07 164 4.35782e-06 4.46485e-07
138000 43867 30437 0 0 194 2 6.37207e-06 4.54466e-07 188 4.43495e-06 4.5267e-07
140000 43867 31015 0 0 195 2 6.39908e-06 4.60322e-07 187 4.52544e-06 4.58425e-07
142000 43867 31741 0 0 175 2 6.4206e-06 4.6886e-07 171 4.64138e-06 4.66765e-07
144000 43867 32686 0 0 171 1 6.44147e-06 4.76693e-07 162 4.79894e-06 4.7485e-07
146000 43867 34004 0 0 229 2 6.4589e-06 4.86353e-07 227 5.02248e-06 4.84894e-07
148000 43867 34964 0 0 225 2 6.46599e-06 4.95506e-07 221 5.16313e-06 4.9464e-07
150000 43867 35268 0 0 263 2 6.45466e-06 5.11399e-07 255 5.17916e-06 5.10481e-07
152000 43867 35596 0 0 272 2 6.44019e-06 5.22445e-07 264 5.19868e-06 5.21616e-07
154000 43867 35918 0 0 233 2 6.42337e-06 5.31832e-07 233 5.21494e-06 5.31012e-07
156000 43867 36277 0 0 217 1 6.41297e-06 5.36122e-07 217 5.24561e-06 5.35051e-07
158000 43867 36656 0 0 252 2 6.40122e-06 5.42576e-07 248 5.28049e-06 5.41494e-07
160000 43867 37049 0 0 249 1 6.39096e-06 5.50865e-07 245 5.32061e-06 5.49573e-07
162000 43867 37414 0 0 275 2 6.38143e-06 5.57544e-07 273 5.35495e-06 5.56112e-07
164000 52962 37860 0 0 196 1 7.51941e-06 5.62394e-07 194 5.41036e-06 5.61036e-07
166000 52962 38287 0 0 241 2 7.54447e-06 5.65044e-07 225 5.47158e-06 5.63551e-07
168000 52962 38737 0 0 261 1 7.56869e-06 5.67048e-07 243 5.53505e-06 5.65439e-07
170000 52962 39255 0 0 192 2 7.59797e-06 5.71089e-07 180 5.61702e-06 5.6933e-07
172000 52962 39865 0 0 270 2 7.62467e-06 5.7601e-07 268 5.71322e-06 5.74275e-07
174000 52961 40541 0 1 254 1 7.65299e-06 5.80051e-07 249 5.82395e-06 5.78342e-07
176000 52961 41430 0 1 225 1 7.67487e-06 5.90665e-07 215 5.97093e-06 5.88789e-07
178000 52960 42657 0 2 307 2 7.68975e-06 6.00636e-07 298 6.17351e-06 5.99084e-07
180000 52960 43962 0 2 270 2 7.69682e-06 6.12039e-07 260 6.37428e-06 6.10772e-07
182000 52960 44310 0 2 299 2 7.69357e-06 6.23122e-07 293 6.40264e-06 6.21975e-07
184000 52959 44658 0 3 289 2 7.68442e-06 6.31169e-07 283 6.43038e-06 6.30052e-07
186000 52959 44957 0 3 302 2 7.67563e-06 6.34264e-07 300 6.44685e-06 6.33138e-07
188000 52959 45312 0 3 335 2 7.67017e-06 6.36643e-07 331 6.47749e-06 6.35032e-07
190000 52958 45659 0 4 324 2 7.6637e-06 6.43116e-07 320 6.50713e-06 6.4122e-07
192000 52958 46006 0 4 325 2 7.65709e-06 6.46853e-07 325 6.53238e-06 6.44621e-07
194000 52958 46355 0 4 304 2 7.65568e-06 6.49821e-07 300 6.55737e-06 6.47066e-07
196000 52956 46724 0 6 328 1 7.65096e-06 6.56165e-07 328 6.58988e-06 6.53382e-07
198000 61808 47113 0 8 346 2 8.7767e-06 6.61041e-07 338 6.63102e-06 6.5777e-07
200000 61806 47519 0 10 264 2 8.80428e-06 6.63148e-07 256 6.68199e-06 6.59151e-07
202000 62962 47964 0 15 263 1 8.97761e-06 6.70563e-07 257 6.73531e-06 6.6546e-07
204000 62960 48525 0 17 304 2 9.01092e-06 6.72861e-07 292 6.81769e-06 6.66734e-07
206000 62955 49148 0 22 286 2 9.04331e-06 6.78045e-07 286 6.91922e-06 6.70749e-07
208000 62947 49956 0 30 287 1 9.0646e-06 6.84516e-07 277 7.04286e-06 6.77075e-07
210000 62944 51019 0 33 325 2 9.09162e-06 6.91215e-07 318 7.20917e-06 6.82602e-07
212000 62932 52398 0 45 302 2 9.09765e-06 7.08483e-07 300 7.42258e-06 6.98739e-07
214000 62922 52942 0 55 332 1 9.09962e-06 7.18536e-07 328 7.48206e-06 7.0783e-07
216000 62908 53254 0 69 358 2 9.07803e-06 7.32052e-07 354 7.48776e-06 7.20799e-07
218000 62883 53591 0 94 385 1 9.05168e-06 7.41758e-07 381 7.49958e-06 7.29554e-07
220000 62855 53934 0 122 381 2 9.0293e-06 7.46451e-07 371 7.51975e-06 7.33286e-07
222000 62824 54254 0 153 426 2 9.00857e-06 7.49318e-07 426 7.5376e-06 7.35715e-07
224000 62796 54645 0 181 384 2 8.98677e-06 7.51979e-07 380 7.56808e-06 7.37963e-07
226000 62770 55034 0 207 405 2 8.97042e-06 7.53437e-07 395 7.60486e-06 7.39012e-07
228000 62749 55405 0 228 380 2 8.9562e-06 7.5759e-07 376 7.6329e-06 7.42415e-07
230000 62729 55831 0 248 370 2 8.94444e-06 7.58338e-07 368 7.67537e-06 7.4145e-07
232000 62716 56309 0 261 381 1 8.93997e-06 7.61495e-07 379 7.73595e-06 7.43933e-07
234000 71506 56809 0 288 363 2 1.00401e-05 7.64042e-07 353 7.7979e-06 7.44693e-07
236000 71486 57346 0 308 345 2 1.00571e-05 7.68013e-07 331 7.86733e-06 7.46837e-07
238000 71463 57959 0 331 412 2 1.00726e-05 7.70631e-07 400 7.95451e-06 7.48145e-07
240000 71445 58701 0 349 390 2 1.00965e-05 7.72586e-07 380 8.07004e-06 7.4776e-07
242000 71421 59641 0 373 390 2 1.01088e-05 7.78222e-07 384 8.21863e-06 7.5209e-07
244000 71392 60831 0 402 389 2 1.01187e-05 7.86178e-07 385 8.411e-06 7.58691e-07
246000 71362 61718 0 432 364 2 1.01154e-05 7.99063e-07 360 8.54228e-06 7.7139e-07
248000 71339 61974 0 455 397 2 1.0105e-05 8.09188e-07 387 8.54737e-06 7.81341e-07
250000 71316 62216 0 478 433 1 1.00958e-05 8.09661e-07 431 8.55175e-06 7.81255e-07
252000 71282 62435 0 512 481 2 1.00775e-05 8.11799e-07 479 8.54975e-06 7.82124e-07
254000 71252 62679 0 542 423 2 1.0065e-05 8.1686e-07 417 8.55485e-06 7.8513e-07
256000 71213 62932 0 581 437 2 1.00518e-05 8.12499e-07 433 8.56451e-06 7.80139e-07
258000 71183 63181 0 611 458 2 1.00425e-05 8.13689e-07 454 8.57837e-06 7.80628e-07
260000 71154 63463 0 640 439 2 1.00345e-05 8.13364e-07 436 8.59106e-06 7.78498e-07
262000 71121 63747 0 673 397 2 1.003e-05 8.14069e-07 395 8.61348e-06 7.7823e-07
264000 71087 64060 0 707 414 2 1.00256e-05 8.14107e-07 414 8.63759e-06 7.77173e-07
266000 79959 64355 0 745 396 2 1.11433e-05 8.158e-07 389 8.66788e-06 7.7731e-07
268000 79924 64700 0 780 445 2 1.11702e-05 8.13427e-07 431 8.70443e-06 7.74303e-07
270000 79892 65064 0 812 402 2 1.11975e-05 8.14039e-07 392 8.75081e-06 7.73968e-07
272000 79847 65492 0 857 452 2 1.12175e-05 8.15509e-07 442 8.80299e-06 7.74415e-07
274000 79802 65974 0 902 421 2 1.12432e-05 8.16134e-07 414 8.87041e-06 7.75107e-07
276000 79756 66512 0 948 444 2 1.12571e-05 8.2088e-07 440 8.93831e-06 7.78958e-07
278000 79708 67265 0 996 419 2 1.12716e-05 8.19783e-07 403 9.05327e-06 7.77551e-07
280000 79646 68360 0 1058 430 2 1.12654e-05 8.29155e-07 420 9.21874e-06 7.8741e-07
282000 79598 69479 0 1106 485 2 1.12562e-05 8.35676e-07 477 9.37571e-06 7.94344e-07
284000 79539 69705 0 1165 536 2 1.12284e-05 8.43951e-07 530 9.3592e-06 8.01491e-07
286000 79466 69893 0 1238 494 3 1.11824e-05 8.52575e-07 488 9.32635e-06 8.11515e-07
288000 79390 70095 0 1314 542 2 1.11336e-05 8.54669e-07 526 9.3007e-06 8.13249e-07
290000 79317 70332 0 1387 575 2 1.10981e-05 8.5273e-07 562 9.29239e-06 8.11194e-07
292000 79247 70554 0 1457 455 2 1.1079e-05 8.48872e-07 445 9.29565e-06 8.06789e-07
294000 79167 70788 0 1537 501 2 1.10545e-05 8.45333e-07 497 9.301e-06 8.01689e-07
296000 79088 71028 0 1616 540 2 1.1043e-05 8.42123e-07 532 9.31103e-06 7.98512e-07
298000 78977 71291 0 1727 514 2 1.10158e-05 8.37688e-07 510 9.33009e-06 7.94291e-07
300000 87411 71570 0 1813 500 2 1.20825e-05 8.33181e-07 484 9.36118e-06 7.88654e-07
302000 87297 71841 0 1927 530 2 1.20845e-05 8.32882e-07 512 9.38824e-06 7.87823e-07
304000 87212 72152 0 2012 516 2 1.21029e-05 8.33026e-07 508 9.42615e-06 7.87012e-07
306000 87119 72552 0 2105 504 2 1.21186e-05 8.33426e-07 496 9.48623e-06 7.86147e-07
308000 87024 73015 0 2200 484 2 1.21313e-05 8.33679e-07 476 9.55692e-06 7.85196e-07
310000 86923 73710 0 2301 513 2 1.21443e-05 8.29305e-07 499 9.6693e-06 7.80798e-07
312000 86800 74721 0 2424 495 2 1.21319e-05 8.32892e-07 481 9.83572e-06 7.83942e-07
314000 86700 76005 0 2524 494 2 1.21194e-05 8.41368e-07 482 1.00452e-05 7.93117e-07
316000 86595 76400 0 2629 596 2 1.20981e-05 8.47872e-07 582 1.0071e-05 7.99531e-07
318000 86477 76526 0 2747 564 3 1.20527e-05 8.51616e-07 562 1.0042e-05 8.04987e-07
320000 86365 76663 0 2859 605 2 1.20092e-05 8.54569e-07 597 1.00173e-05 8.0711e-07
322000 86240 76859 0 2984 538 2 1.19657e-05 8.60201e-07 534 1.00078e-05 8.12183e-07
324000 86130 77010 0 3094 548 2 1.19364e-05 8.57191e-07 542 9.99873e-06 8.07442e-07
326000 86005 77171 0 3219 564 2 1.18966e-05 8.56239e-07 558 9.98603e-06 8.04943e-07
328000 85879 77340 0 3345 560 2 1.18621e-05 8.54538e-07 552 9.98687e-06 8.026e-07
330000 85762 77556 0 3462 613 2 1.18331e-05 8.52892e-07 591 9.99921e-06 8.00787e-07
332000 93953 77778 0 3596 553 2 1.28551e-05 8.53407e-07 534 1.00119e-05 8.00693e-07
334000 93813 78022 0 3736 603 2 1.2844e-05 8.5144e-07 593 1.00313e-05 7.97332e-07
336000 93701 78265 0 3848 575 2 1.28501e-05 8.48628e-07 565 1.00494e-05 7.91857e-07
338000 93555 78586 0 3994 526 2 1.28445e-05 8.45898e-07 522 1.00902e-05 7.90024e-07
340000 93413 78987 0 4136 530 2 1.28444e-05 8.46063e-07 520 1.01501e-05 7.8977e-07
342000 93296 79447 0 4253 527 2 1.28563e-05 8.42161e-07 523 1.0219e-05 7.85457e-07
344000 93159 80184 0 4390 552 2 1.28484e-05 8.46087e-07 540 1.03232e-05 7.88535e-07
346000 93003 81253 0 4546 580 2 1.28308e-05 8.46641e-07 570 1.04919e-05 7.88557e-07
348000 92859 81921 0 4690 644 2 1.2807e-05 8.55341e-07 632 1.0573e-05 7.96906e-07
350000 92700 81982 0 4849 642 2 1.27651e-05 8.63012e-07 626 1.05386e-05 8.0471e-07
352000 92538 82061 0 5011 662 3 1.27158e-05 8.67087e-07 654 1.05024e-05 8.08283e-07
354000 92402 82110 0 5147 640 3 1.2676e-05 8.68274e-07 632 1.04613e-05 8.08741e-07
356000 92244 82204 0 5305 664 2 1.26354e-05 8.61982e-07 652 1.04353e-05 8.02523e-07
358000 92097 82319 0 5452 709 2 1.25974e-05 8.6006e-07 693 1.04183e-05 8.01188e-07
360000 91941 82417 0 5608 633 2 1.25623e-05 8.57146e-07 619 1.04082e-05 7.98157e-07
362000 91798 82529 0 5751 598 2 1.25275e-05 8.59108e-07 592 1.03856e-05 7.99733e-07
364000 100458 82663 0 5909 642 3 1.36068e-05 8.56678e-07 632 1.03832e-05 7.97539e-07
366000 100280 82762 0 6087 638 2 1.35921e-05 8.52036e-07 618 1.03696e-05 7.92665e-07
368000 100121 82954 0 6246 596 2 1.35886e-05 8.50322e-07 572 1.0374e-05 7.90068e-07
370000 99946 83167 0 6421 665 2 1.35843e-05 8.44086e-07 641 1.03905e-05 7.83449e-07
372000 99747 83442 0 6620 656 2 1.35639e-05 8.42178e-07 634 1.0423e-05 7.81582e-07
374000 99555 83784 0 6812 674 2 1.35529e-05 8.41534e-07 650 1.04654e-05 7.8024e-07
376000 99360 84298 0 7007 619 2 1.35367e-05 8.43474e-07 599 1.05391e-05 7.8195e-07
378000 99134 85196 0 7233 635 2 1.35049e-05 8.43659e-07 616 1.06894e-05 7.82457e-07
380000 98930 86209 0 7437 699 2 1.34636e-05 8.48042e-07 687 1.0846e-05 7.87172e-07
382000 98728 86307 0 7639 626 2 1.34193e-05 8.54106e-07 618 1.08258e-05 7.92849e-07
384000 98525 86351 0 7842 662 2 1.3364e-05 8.59079e-07 642 1.07899e-05 7.97491e-07
386000 98330 86432 0 8037 766 2 1.33112e-05 8.56864e-07 757 1.07634e-05 7.95239e-07
388000 98137 86455 0 8230 703 2 1.32653e-05 8.5715e-07 679 1.07369e-05 7.94627e-07
390000 97929 86538 0 8438 705 2 1.32108e-05 8.55389e-07 687 1.07201e-05 7.91958e-07
392000 97715 86592 0 8652 690 2 1.31587e-05 8.52426e-07 675 1.07017e-05 7.88714e-07
394000 97488 86661 0 8879 728 2 1.30993e-05 8.50411e-07 719 1.06867e-05 7.8707e-07
396000 97273 86696 0 9094 692 3 1.3056e-05 8.46661e-07 674 1.06671e-05 7.81806e-07
398000 105674 86822 0 9302 726 2 1.41056e-05 8.41952e-07 690 1.06697e-05 7.76277e-07
400000 105443 86910 0 9533 630 2 1.40816e-05 8.37891e-07 611 1.06613e-05 7.72422e-07
402000 105191 87009 0 9785 681 2 1.40636e-05 8.33036e-07 663 1.06647e-05 7.68131e-07
404000 104944 87219 0 10032 720 2 1.40458e-05 8.31336e-07 690 1.0688e-05 7.66284e-07
406000 104708 87499 0 10268 672 3 1.40313e-05 8.28524e-07 651 1.07222e-05 7.63193e-07
408000 104486 87887 0 10490 705 2 1.4012e-05 8.31836e-07 679 1.07696e-05 7.66869e-07
410000 104253 88593 0 10723 652 2 1.39855e-05 8.34896e-07 640 1.08727e-05 7.70459e-07
412000 104039 89692 0 10937 656 3 1.3967e-05 8.34988e-07 637 1.10492e-05 7.70382e-07
414000 103786 89942 0 11190 742 3 1.39248e-05 8.3838e-07 714 1.10623e-05 7.75423e-07
416000 103519 89895 0 11457 793 2 1.38598e-05 8.42942e-07 773 1.10146e-05 7.79874e-07
418000 103253 89854 0 11723 812 3 1.37978e-05 8.43881e-07 792 1.09716e-05 7.80985e-07
420000 102997 89807 0 11979 790 2 1.37484e-05 8.41922e-07 763 1.09324e-05 7.79282e-07
422000 102739 89799 0 12237 683 2 1.36977e-05 8.42234e-07 659 1.08999e-05 7.79829e-07
424000 102466 89762 0 12510 782 2 1.364e-05 8.40088e-07 764 1.08606e-05 7.7753e-07
426000 102193 89779 0 12783 728 2 1.35885e-05 8.34241e-07 700 1.08392e-05 7.71808e-07
428000 101921 89744 0 13055 789 3 1.3526e-05 8.30225e-07 776 1.08065e-05 7.66955e-07
430000 110460 89772 0 13358 826 2 1.45758e-05 8.25545e-07 785 1.07878e-05 7.63744e-07
432000 110164 89833 0 13654 767 2 1.45471e-05 8.24035e-07 733 1.07844e-05 7.61301e-07
434000 109853 89877 0 13965 737 2 1.45146e-05 8.19165e-07 695 1.07763e-05 7.54603e-07
436000 109526 90013 0 14292 769 2 1.44713e-05 8.18542e-07 747 1.07814e-05 7.54993e-07
438000 109213 90208 0 14605 745 2 1.44304e-05 8.18386e-07 711 1.0799e-05 7.54558e-07
440000 108918 90535 0 14900 751 2 1.4395e-05 8.15394e-07 709 1.08424e-05 7.53098e-07
442000 108592 91050 0 15226 712 3 1.43451e-05 8.16076e-07 688 1.09141e-05 7.54481e-07
444000 108276 91888 0 15542 791 2 1.42885e-05 8.19306e-07 757 1.10426e-05 7.58537e-07
446000 107939 92577 0 15879 838 2 1.42231e-05 8.23011e-07 812 1.11347e-05 7.61704e-07
448000 107613 92546 0 16205 797 2 1.41378e-05 8.30088e-07 756 1.10815e-05 7.69087e-07
450000 107281 92455 0 16537 844 3 1.4057e-05 8.333e-07 822 1.1027e-05 7.71483e-07
452000 106957 92382 0 16861 850 2 1.39743e-05 8.3005e-07 819 1.0979e-05 7.68389e-07
454000 106656 92343 0 17162 800 2 1.39092e-05 8.27864e-07 778 1.09395e-05 7.65724e-07
456000 106337 92290 0 17481 843 2 1.38296e-05 8.25817e-07 827 1.08964e-05 7.63112e-07
458000 105980 92266 0 17838 906 2 1.37556e-05 8.22034e-07 867 1.08668e-05 7.59754e-07
460000 105628 92234 0 18190 824 2 1.36755e-05 8.1812e-07 779 1.0835e-05 7.56114e-07
462000 114450 92215 0 18552 859 3 1.47568e-05 8.12422e-07 821 1.08131e-05 7.50328e-07
464000 114086 92221 0 18916 795 2 1.47081e-05 8.08763e-07 768 1.07988e-05 7.47248e-07
466000 113743 92250 0 19259 777 2 1.46745e-05 8.05261e-07 759 1.07999e-05 7.43301e-07
468000 113419 92377 0 19583 841 2 1.46425e-05 8.03019e-07 801 1.0812e-05 7.41238e-07
470000 113075 92484 0 19927 810 2 1.46115e-05 8.02074e-07 771 1.08242e-05 7.40861e-07
472000 112724 92670 0 20278 805 2 1.4576e-05 7.98114e-07 764 1.08534e-05 7.36921e-07
474000 112387 93063 0 20615 809 3 1.45439e-05 7.95455e-07 785 1.09139e-05 7.34942e-07
476000 112047 93834 0 20955 800 3 1.45069e-05 7.98106e-07 760 1.10437e-05 7.37895e-07
478000 111701 94791 0 21301 861 2 1.44587e-05 8.01522e-07 821 1.11927e-05 7.42304e-07
480000 111355 94740 0 21647 789 2 1.44003e-05 8.05607e-07 761 1.11567e-05 7.46571e-07
482000 111024 94639 0 21978 875 2 1.43341e-05 8.07902e-07 845 1.11029e-05 7.49101e-07
484000 110681 94537 0 22321 826 2 1.42647e-05 8.09135e-07 793 1.10501e-05 7.50908e-07
486000 110322 94427 0 22680 916 2 1.41966e-05 8.08456e-07 875 1.09972e-05 7.50958e-07
488000 109950 94363 0 23052 897 2 1.41255e-05 8.06438e-07 853 1.09626e-05 7.48567e-07
490000 109581 94303 0 23421 934 2 1.40507e-05 8.07643e-07 886 1.09254e-05 7.49441e-07
492000 109205 94271 0 23797 893 2 1.39812e-05 8.05461e-07 854 1.09004e-05 7.46871e-07
494000 108810 94232 0 24192 878 3 1.39052e-05 8.04822e-07 829 1.0876e-05 7.46114e-07
496000 117115 94284 0 24575 861 2 1.49391e-05 8.02691e-07 813 1.0871e-05 7.44403e-07
498000 116729 94319 0 24961 862 2 1.48838e-05 8.03928e-07 830 1.08558e-05 7.45396e-07
500000 116350 94415 0 25340 868 2 1.48382e-05 7.99364e-07 822 1.08625e-05 7.40701e-07
502000 115956 94556 0 25734 892 2 1.47924e-05 7.94989e-07 852 1.0876e-05 7.36504e-07
504000 115542 94802 0 26148 893 2 1.47409e-05 7.97878e-07 857 1.09127e-05 7.40119e-07
506000 115159 95178 0 26531 812 3 1.46916e-05 7.96757e-07 772 1.09701e-05 7.39392e-07
508000 114761 95823 0 26929 895 3 1.46375e-05 7.9404e-07 849 1.10791e-05 7.36969e-07
510000 114353 96827 0 27337 925 2 1.45722e-05 7.93268e-07 872 1.12538e-05 7.37463e-07
512000 113951 97071 0 27739 879 2 1.44955e-05 8.02272e-07 856 1.12677e-05 7.46856e-07
514000 113566 96914 0 28124 970 2 1.44077e-05 8.07974e-07 942 1.1206e-05 7.51828e-07
516000 113169 96760 0 28521 923 2 1.43127e-05 8.09486e-07 884 1.11395e-05 7.53797e-07
518000 112754 96658 0 28936 1033 3 1.42239e-05 8.07647e-07 1001 1.10904e-05 7.52203e-07
520000 112343 96598 0 29347 926 3 1.41391e-05 8.01486e-07 889 1.10574e-05 7.4619e-07
522000 111930 96503 0 29760 930 2 1.40609e-05 8.02418e-07 891 1.10176e-05 7.4709e-07
524000 111527 96381 0 30163 1015 2 1.39817e-05 8.00224e-07 970 1.09832e-05 7.4448e-07
526000 111135 96345 0 30555 1025 2 1.39089e-05 7.99265e-07 969 1.09576e-05 7.43753e-07
528000 119552 96321 0 30947 941 2 1.49487e-05 7.9733e-07 911 1.09416e-05 7.41366e-07
530000 119175 96297 0 31324 932 2 1.49069e-05 7.93741e-07 886 1.0931e-05 7.37471e-07
532000 118767 96344 0 31732 910 2 1.48578e-05 7.90997e-07 883 1.09326e-05 7.34554e-07
534000 118344 96402 0 32155 945 2 1.48071e-05 7.90129e-07 903 1.09353e-05 7.33579e-07
536000 117924 96534 0 32575 916 2 1.47581e-05 7.90227e-07 882 1.09514e-05 7.33108e-07
538000 117528 96734 0 32971 884 2 1.47203e-05 7.89659e-07 844 1.09829e-05 7.32779e-07
540000 117124 97137 0 33375 943 2 1.46752e-05 7.90633e-07 905 1.10552e-05 7.33514e-07
542000 116702 97893 0 33797 970 3 1.46208e-05 7.9152e-07 930 1.11939e-05 7.3504e-07
544000 116306 98572 0 34193 978 2 1.45612e-05 7.96701e-07 940 1.13016e-05 7.41158e-07
546000 115904 98467 0 34595 910 3 1.44815e-05 8.04539e-07 890 1.12602e-05 7.49104e-07
548000 115501 98329 0 34998 944 3 1.43967e-05 8.09017e-07 921 1.12031e-05 7.53042e-07
550000 115106 98202 0 35393 999 2 1.43164e-05 8.06246e-07 959 1.11534e-05 7.50602e-07
552000 114732 98086 0 35767 972 2 1.42353e-05 8.04024e-07 925 1.11048e-05 7.4847e-07
554000 114327 98009 0 36172 1149 3 1.41557e-05 8.00947e-07 1105 1.10676e-05 7.45545e-07
556000 113943 97928 0 36556 1042 4 1.40826e-05 7.9622e-07 1013 1.10338e-05 7.40714e-07
558000 113519 97862 0 36980 951 2 1.40005e-05 7.91981e-07 925 1.10056e-05 7.36723e-07
560000 121827 97773 0 37403 1025 3 1.50229e-05 7.87141e-07 982 1.09824e-05 7.31992e-07
562000 121419 97707 0 37811 927 2 1.49778e-05 7.8741e-07 891 1.09622e-05 7.31418e-07
564000 120998 97670 0 38232 991 2 1.49287e-05 7.85959e-07 965 1.0947e-05 7.30128e-07
566000 120575 97755 0 38655 970 2 1.48853e-05 7.83089e-07 923 1.09607e-05 7.27979e-07
568000 120168 97813 0 39062 1002 3 1.48474e-05 7.8142e-07 953 1.09658e-05 7.26536e-07
570000 119712 97949 0 39518 956 3 1.47956e-05 7.79212e-07 920 1.09906e-05 7.24223e-07
572000 119309 98241 0 39921 953 2 1.47609e-05 7.75779e-07 916 1.10527e-05 7.20658e-07
574000 118903 98924 0 40327 939 2 1.47099e-05 7.82963e-07 905 1.11711e-05 7.27265e-07
576000 118494 99779 0 40736 1008 3 1.46523e-05 7.88911e-07 978 1.13135e-05 7.33439e-07
578000 118088 99737 0 41142 993 2 1.45945e-05 7.95071e-07 948 1.12904e-05 7.39614e-07
580000 117643 99534 0 41587 947 2 1.45152e-05 8.00386e-07 905 1.12318e-05 7.44346e-07
582000 117214 99371 0 42016 1006 2 1.44397e-05 7.98506e-07 968 1.11831e-05 7.42524e-07
584000 116802 99234 0 42428 1017 2 1.43695e-05 7.95926e-07 975 1.11473e-05 7.40236e-07
586000 116391 99117 0 42839 999 2 1.42978e-05 7.94739e-07 963 1.1106e-05 7.38785e-07
588000 115975 98971 0 43255 1043 2 1.42293e-05 7.91542e-07 1017 1.10582e-05 7.3596e-07
590000 115537 98884 0 43693 1083 2 1.41505e-05 7.89896e-07 1035 1.10271e-05 7.3466e-07
592000 115107 98813 0 44123 1103 2 1.40861e-05 7.82594e-07 1063 1.10121e-05 7.27736e-07
594000 122928 98680 0 44594 902 3 1.50619e-05 7.77035e-07 862 1.09873e-05 7.22295e-07
596000 122487 98645 0 45035 1021 2 1.50123e-05 7.77281e-07 963 1.09768e-05 7.2322e-07
598000 122049 98594 0 45473 1088 2 1.49737e-05 7.74868e-07 1043 1.09747e-05 7.20814e-07
600000 121603 98604 0 45919 1004 3 1.49282e-05 7.7208e-07 967 1.09784e-05 7.17549e-07
602000 121196 98680 0 46326 1096 2 1.48922e-05 7.71434e-07 1055 1.09945e-05 7.17597e-07
604000 120731 98901 0 46791 1138 2 1.48388e-05 7.72077e-07 1094 1.1032e-05 7.18592e-07
606000 120295 99422 0 47227 1021 3 1.47939e-05 7.72435e-07 996 1.11305e-05 7.19003e-07
608000 119852 100275 0 47670 978 2 1.47369e-05 7.7763e-07 922 1.12818e-05 7.25019e-07
610000 119410 100509 0 48112 1139 2 1.46728e-05 7.84145e-07 1097 1.13148e-05 7.32072e-07
612000 118984 100292 0 48538 1117 2 1.45965e-05 7.89286e-07 1084 1.12524e-05 7.36901e-07
614000 118539 100128 0 48983 1046 3 1.45185e-05 7.90532e-07 1003 1.12064e-05 7.38549e-07
616000 118088 99946 0 49434 1122 3 1.44395e-05 7.90171e-07 1094 1.11528e-05 7.3865e-07
618000 117649 99792 0 49873 1189 2 1.43654e-05 7.85148e-07 1147 1.11135e-05 7.33945e-07
620000 117174 99612 0 50348 1151 2 1.42756e-05 7.8478e-07 1095 1.10609e-05 7.33324e-07
622000 116711 99384 0 50811 1115 2 1.42005e-05 7.81991e-07 1061 1.1017e-05 7.30342e-07
624000 116235 99232 0 51287 1043 3 1.41235e-05 7.76654e-07 987 1.09839e-05 7.25033e-07
626000 124472 99119 0 51770 1121 2 1.51512e-05 7.74244e-07 1073 1.09629e-05 7.22562e-07
628000 123971 98989 0 52271 1019 3 1.50949e-05 7.71782e-07 971 1.09443e-05 7.19721e-07
630000 123484 98919 0 52758 1090 3 1.50419e-05 7.71266e-07 1049 1.0935e-05 7.19186e-07
632000 122985 98870 0 53257 1127 2 1.49905e-05 7.67121e-07 1075 1.09315e-05 7.14912e-07
634000 122519 98885 0 53723 1032 2 1.49441e-05 7.65937e-07 986 1.09414e-05 7.13774e-07
636000 122030 99014 0 54212 1102 2 1.49018e-05 7.63547e-07 1047 1.09746e-05 7.11657e-07
638000 121529 99406 0 54713 1095 3 1.48468e-05 7.63565e-07 1039 1.10539e-05 7.12478e-07
640000 121071 100036 0 55171 1048 3 1.47955e-05 7.66731e-07 1024 1.11731e-05 7.15916e-07
642000 120600 100689 0 55642 1104 2 1.47305e-05 7.72285e-07 1056 1.12776e-05 7.21865e-07
644000 120119 100558 0 56123 1021 2 1.46554e-05 7.79852e-07 982 1.12357e-05 7.29518e-07
646000 119662 100345 0 56580 1062 3 1.45763e-05 7.84537e-07 1013 1.11784e-05 7.34089e-07
648000 119233 100185 0 57009 1109 3 1.4499e-05 7.85961e-07 1065 1.11264e-05 7.35479e-07
650000 118771 100006 0 57471 1049 2 1.4422e-05 7.85258e-07 1017 1.10756e-05 7.35111e-07
652000 118291 99856 0 57951 1221 2 1.43445e-05 7.86604e-07 1171 1.1033e-05 7.36455e-07
654000 117813 99707 0 58429 1115 2 1.42668e-05 7.83886e-07 1087 1.10004e-05 7.33505e-07
656000 117303 99605 0 58939 1079 3 1.41836e-05 7.80687e-07 1039 1.09755e-05 7.30689e-07
658000 116806 99498 0 59436 1116 2 1.41082e-05 7.76592e-07 1078 1.09486e-05 7.26777e-07
660000 125105 99405 0 59918 1158 3 1.51615e-05 7.73991e-07 1112 1.09369e-05 7.23532e-07
662000 124603 99305 0 60420 934 3 1.51098e-05 7.69873e-07 894 1.09211e-05 7.18551e-07
664000 124081 99254 0 60942 1130 2 1.50572e-05 7.68238e-07 1096 1.09164e-05 7.1675e-07
666000 123575 99279 0 61448 1073 3 1.50054e-05 7.64562e-07 1029 1.09274e-05 7.1254e-07
668000 123083 99406 0 61940 1066 3 1.49549e-05 7.68958e-07 1016 1.09519e-05 7.16652e-07
670000 122611 99671 0 62412 1085 3 1.49157e-05 7.68499e-07 1051 1.10139e-05 7.16325e-07
672000 122129 100242 0 62894 1038 3 1.48668e-05 7.7073e-07 1004 1.11264e-05 7.18835e-07
674000 121667 101149 0 63356 1086 2 1.48143e-05 7.7142e-07 1039 1.12866e-05 7.20292e-07
676000 121168 101090 0 63855 1134 3 1.47371e-05 7.78869e-07 1105 1.12633e-05 7.27865e-07
678000 120629 100901 0 64394 1258 2 1.46367e-05 7.8468e-07 1214 1.12054e-05 7.33192e-07
680000 120123 100739 0 64900 1133 3 1.45449e-05 7.87227e-07 1107 1.11542e-05 7.36351e-07
682000 119616 100561 0 65407 1180 3 1.44545e-05 7.85071e-07 1146 1.11061e-05 7.34184e-07
684000 119152 100408 0 65871 1063 2 1.43891e-05 7.81369e-07 1038 1.10781e-05 7.30265e-07
686000 118663 100244 0 66360 1105 3 1.43122e-05 7.81136e-07 1068 1.10435e-05 7.2963e-07
688000 118180 100079 0 66843 1040 3 1.42405e-05 7.80277e-07 1007 1.10157e-05 7.2893e-07
690000 117691 99933 0 67332 1108 3 1.4165e-05 7.7752e-07 1062 1.09842e-05 7.26002e-07
692000 125707 99794 0 67788 1052 2 1.51684e-05 7.71436e-07 1002 1.09524e-05 7.20292e-07
694000 125224 99761 0 68271 1098 2 1.51228e-05 7.67567e-07 1057 1.09499e-05 7.16363e-07
696000 124731 99726 0 68764 1083 2 1.50792e-05 7.64609e-07 1041 1.09472e-05 7.13281e-07
698000 124195 99701 0 69300 1125 2 1.50319e-05 7.6288e-07 1083 1.09545e-05 7.11645e-07
700000 123687 99762 0 69808 1048 3 1.49804e-05 7.62714e-07 1013 1.097e-05 7.11523e-07
702000 123218 99991 0 70277 1057 3 1.49362e-05 7.62208e-07 1021 1.1021e-05 7.10682e-07
704000 122726 100452 0 70769 1120 3 1.4882e-05 7.65916e-07 1074 1.11121e-05 7.14509e-07
706000 122244 101241 0 71251 1100 3 1.48259e-05 7.68497e-07 1041 1.12474e-05 7.17693e-07
708000 121758 101583 0 71737 1148 2 1.47549e-05 7.77262e-07 1098 1.12944e-05 7.26659e-07
710000 121282 101380 0 72213 1100 2 1.46709e-05 7.85282e-07 1029 1.12361e-05 7.3489e-07
712000 120807 101159 0 72688 1153 2 1.4585e-05 7.85091e-07 1109 1.11767e-05 7.34708e-07
714000 120328 100967 0 73167 999 3 1.45059e-05 7.8477e-07 957 1.11232e-05 7.34336e-07
716000 119816 100805 0 73679 1055 3 1.44218e-05 7.83575e-07 1027 1.10819e-05 7.33001e-07
718000 119320 100582 0 74175 997 3 1.43502e-05 7.82642e-07 962 1.10358e-05 7.32005e-07
720000 118824 100422 0 74671 1014 2 1.42785e-05 7.81473e-07 978 1.10024e-05 7.31124e-07
722000 118311 100220 0 75184 1050 3 1.4202e-05 7.78059e-07 1020 1.09669e-05 7.27484e-07
724000 126575 100026 0 75717 1036 2 1.52261e-05 7.73133e-07 983 1.09378e-05 7.22323e-07
726000 126072 99907 0 76220 1080 2 1.51818e-05 7.70062e-07 1030 1.09238e-05 7.19208e-07
728000 125561 99812 0 76731 995 2 1.51318e-05 7.68111e-07 937 1.09158e-05 7.16673e-07
730000 125037 99747 0 77255 1016 2 1.50801e-05 7.66237e-07 978 1.09187e-05 7.15057e-07
732000 124523 99756 0 77769 1072 3 1.5028e-05 7.64663e-07 1022 1.09394e-05 7.14016e-07
734000 124010 99865 0 78282 1022 2 1.49818e-05 7.62956e-07 986 1.09705e-05 7.12225e-07
736000 123505 100202 0 78787 1036 2 1.49284e-05 7.6425e-07 1005 1.10423e-05 7.13023e-07
738000 123017 100830 0 79275 1079 2 1.48671e-05 7.67792e-07 1026 1.115e-05 7.16816e-07
740000 122523 101565 0 79769 1122 2 1.4807e-05 7.68603e-07 1076 1.12795e-05 7.18012e-07
742000 122010 101378 0 80282 1045 2 1.47257e-05 7.76528e-07 997 1.12308e-05 7.26271e-07
744000 121548 101202 0 80744 1109 2 1.46488e-05 7.78609e-07 1055 1.11812e-05 7.28955e-07
746000 121054 100999 0 81238 1077 3 1.45735e-05 7.79163e-07 1044 1.11306e-05 7.29584e-07
748000 120546 100799 0 81746 974 3 1.44877e-05 7.82552e-07 935 1.10849e-05 7.32852e-07
750000 120060 100590 0 82232 1043 3 1.44155e-05 7.81132e-07 1016 1.10406e-05 7.31529e-07
752000 119556 100372 0 82736 1002 2 1.4335e-05 7.74619e-07 948 1.10054e-05 7.24955e-07
754000 119050 100258 0 83242 1065 2 1.42584e-05 7.75548e-07 1036 1.09812e-05 7.25472e-07
756000 118565 100102 0 83727 1069 2 1.41939e-05 7.7498e-07 1031 1.09563e-05 7.24627e-07
758000 127182 99979 0 84247 1103 3 1.52805e-05 7.74529e-07 1047 1.09365e-05 7.2392e-07
760000 126673 99869 0 84756 1048 3 1.52365e-05 7.68593e-07 1014 1.09229e-05 7.17793e-07
762000 126174 99843 0 85255 1050 3 1.51912e-05 7.70333e-07 1017 1.09243e-05 7.19521e-07
764000 125642 99806 0 85787 1099 2 1.51422e-05 7.71488e-07 1057 1.09274e-05 7.20369e-07
766000 125155 99897 0 86274 1060 3 1.51044e-05 7.68258e-07 1026 1.09501e-05 7.167e-07
768000 124636 100145 0 86793 995 2 1.50566e-05 7.6689e-07 959 1.10012e-05 7.15314e-07
770000 124112 100726 0 87317 1077 2 1.49992e-05 7.67979e-07 1033 1.11141e-05 7.169e-07
772000 123614 101625 0 87815 1056 2 1.4941e-05 7.74047e-07 1033 1.12814e-05 7.2275e-07
774000 123085 101574 0 88344 1059 3 1.48752e-05 7.74757e-07 1008 1.12729e-05 7.23825e-07
776000 122556 101358 0 88873 1041 3 1.4783e-05 7.8425e-07 1009 1.12158e-05 7.33661e-07
778000 122072 101175 0 89357 1216 2 1.47022e-05 7.85745e-07 1179 1.11624e-05 7.35662e-07
780000 121541 100977 0 89888 1145 2 1.4626e-05 7.81421e-07 1096 1.1119e-05 7.31509e-07
782000 121001 100813 0 90428 1131 3 1.45459e-05 7.80417e-07 1095 1.10822e-05 7.30632e-07
784000 120500 100639 0 90929 1164 2 1.44731e-05 7.75092e-07 1124 1.10518e-05 7.25076e-07
786000 120003 100496 0 91426 1171 3 1.43993e-05 7.76022e-07 1132 1.10232e-05 7.25801e-07
788000 119434 100336 0 91995 1132 3 1.43169e-05 7.73555e-07 1096 1.09946e-05 7.23567e-07
790000 127743 100250 0 92532 1034 3 1.53601e-05 7.7147e-07 978 1.09807e-05 7.21664e-07
792000 127209 100149 0 93066 1111 2 1.5315e-05 7.69512e-07 1063 1.09628e-05 7.19025e-07
794000 126640 100104 0 93635 1135 2 1.52586e-05 7.67319e-07 1085 1.09598e-05 7.16381e-07
796000 126105 100141 0 94170 1088 3 1.52124e-05 7.65614e-07 1028 1.09725e-05 7.14829e-07
798000 125570 100217 0 94705 1036 3 1.51618e-05 7.66258e-07 990 1.0991e-05 7.14908e-07
800000 125056 100446 0 95219 1086 2 1.51155e-05 7.67597e-07 1020 1.10377e-05 7.16702e-07
802000 124550 100957 0 95725 1074 3 1.50709e-05 7.68302e-07 1032 1.11399e-05 7.17689e-07
804000 124047 101717 0 96228 1095 2 1.50187e-05 7.7523e-07 1048 1.12813e-05 7.25048e-07
806000 123527 102187 0 96748 1001 2 1.49506e-05 7.79555e-07 961 1.13538e-05 7.29558e-07
808000 123030 101968 0 97245 1088 2 1.48729e-05 7.88728e-07 1051 1.12987e-05 7.38382e-07
810000 122472 101770 0 97803 1158 3 1.4773e-05 7.93175e-07 1114 1.12377e-05 7.42672e-07
812000 121944 101595 0 98331 1144 3 1.46816e-05 7.9338e-07 1114 1.11868e-05 7.43288e-07
814000 121392 101463 0 98883 1170 2 1.45888e-05 7.89845e-07 1122 1.11535e-05 7.39856e-07
816000 120869 101293 0 99406 1136 2 1.45067e-05 7.86776e-07 1102 1.11142e-05 7.36707e-07
818000 120336 101087 0 99939 1150 3 1.44199e-05 7.82151e-07 1115 1.10661e-05 7.31539e-07
820000 119794 100942 0 100481 1085 2 1.43361e-05 7.77683e-07 1055 1.10412e-05 7.27362e-07
822000 128125 100815 0 101006 1133 3 1.53698e-05 7.72471e-07 1087 1.10213e-05 7.22784e-07
824000 127617 100735 0 101514 1137 3 1.53165e-05 7.70997e-07 1090 1.10152e-05 7.20413e-07
826000 127089 100631 0 102042 1059 3 1.52688e-05 7.68414e-07 1007 1.10046e-05 7.17188e-07
828000 126540 100574 0 102591 1096 3 1.52158e-05 7.68966e-07 1048 1.10123e-05 7.17234e-07
830000 125981 100618 0 103150 972 2 1.51552e-05 7.70003e-07 936 1.1027e-05 7.18787e-07
832000 125458 100696 0 103673 1042 3 1.51064e-05 7.66384e-07 996 1.10617e-05 7.14969e-07
834000 124936 101034 0 104195 1062 3 1.50561e-05 7.64697e-07 1016 1.11342e-05 7.14069e-07
836000 124387 101708 0 104744 978 3 1.50025e-05 7.63895e-07 930 1.1268e-05 7.13651e-07
838000 123863 102497 0 105268 1149 2 1.49349e-05 7.70297e-07 1101 1.14051e-05 7.20886e-07
840000 123343 102351 0 105788 1170 2 1.48492e-05 7.77704e-07 1126 1.13611e-05 7.28625e-07
842000 122821 102142 0 106310 1112 2 1.47568e-05 7.84775e-07 1078 1.13014e-05 7.35609e-07
844000 122297 101895 0 106834 1073 2 1.46723e-05 7.83907e-07 1021 1.12428e-05 7.34919e-07
846000 121787 101720 0 107344 1113 3 1.45933e-05 7.82875e-07 1075 1.12051e-05 7.33579e-07
848000 121249 101537 0 107882 1109 4 1.4516e-05 7.79452e-07 1059 1.11627e-05 7.30028e-07
850000 120759 101345 0 108372 1092 2 1.44505e-05 7.76245e-07 1054 1.11248e-05 7.27254e-07
852000 120275 101173 0 108856 1183 3 1.43828e-05 7.72742e-07 1131 1.10861e-05 7.23843e-07
854000 119777 101013 0 109354 1101 3 1.43184e-05 7.66796e-07 1031 1.10548e-05 7.17523e-07
856000 128062 100879 0 109880 1120 3 1.53802e-05 7.63062e-07 1064 1.10359e-05 7.13638e-07
858000 127560 100797 0 110382 1175 3 1.53411e-05 7.6234e-07 1110 1.10275e-05 7.12709e-07
860000 127056 100768 0 110886 1099 3 1.53063e-05 7.58938e-07 1047 1.10348e-05 7.09012e-07
862000 126535 100748 0 111407 1047 2 1.52667e-05 7.59563e-07 1000 1.10465e-05 7.09336e-07
864000 125996 100854 0 111946 1137 2 1.52237e-05 7.62115e-07 1082 1.10772e-05 7.12072e-07
866000 125467 101101 0 112475 1054 2 1.51782e-05 7.60234e-07 1005 1.11309e-05 7.10526e-07
868000 124946 101625 0 112996 1061 2 1.51285e-05 7.6093e-07 1019 1.1231e-05 7.11132e-07
870000 124423 102525 0 113519 1084 4 1.50671e-05 7.65436e-07 1024 1.13905e-05 7.15979e-07
872000 123915 102573 0 114027 1036 3 1.50012e-05 7.69883e-07 1010 1.13863e-05 7.21094e-07
874000 123382 102352 0 114560 1167 3 1.49119e-05 7.75385e-07 1113 1.13259e-05 7.26797e-07
876000 122871 102182 0 115071 1202 2 1.48296e-05 7.79565e-07 1162 1.12805e-05 7.31166e-07
878000 122345 101982 0 115597 1096 3 1.47421e-05 7.77512e-07 1071 1.12279e-05 7.29155e-07
880000 121821 101804 0 116121 1195 2 1.46604e-05 7.76169e-07 1151 1.11853e-05 7.27492e-07
882000 121275 101622 0 116667 1215 3 1.4572e-05 7.75552e-07 1168 1.11406e-05 7.27142e-07
884000 120717 101394 0 117225 1183 2 1.44857e-05 7.69768e-07 1141 1.10993e-05 7.20805e-07
886000 120161 101212 0 117781 1159 3 1.43953e-05 7.69947e-07 1115 1.10605e-05 7.20746e-07
888000 128753 101076 0 118323 1129 3 1.54614e-05 7.67517e-07 1081 1.10341e-05 7.18542e-07
890000 128205 100966 0 118871 1052 3 1.54117e-05 7.64722e-07 1015 1.1024e-05 7.15589e-07
892000 127660 100915 0 119416 1149 3 1.53631e-05 7.62348e-07 1094 1.1026e-05 7.12933e-07
894000 127130 100918 0 119946 1079 4 1.5315e-05 7.62406e-07 1029 1.1035e-05 7.12909e-07
896000 126603 100968 0 120473 1200 3 1.52692e-05 7.60222e-07 1161 1.10624e-05 7.10901e-07
898000 126072 101130 0 121004 1127 2 1.52114e-05 7.64273e-07 1068 1.11006e-05 7.14831e-07
900000 125552 101548 0 121524 1141 3 1.5165e-05 7.61004e-07 1093 1.11908e-05 7.11489e-07
902000 124981 102254 0 122095 1117 3 1.50929e-05 7.63176e-07 1073 1.1332e-05 7.14502e-07
904000 124458 102846 0 122618 1125 3 1.5018e-05 7.69314e-07 1093 1.14336e-05 7.20826e-07
906000 123929 102628 0 123147 1216 3 1.49355e-05 7.75716e-07 1175 1.13863e-05 7.26596e-07
908000 123381 102426 0 123695 1167 3 1.48447e-05 7.78786e-07 1121 1.13267e-05 7.29554e-07
910000 122835 102204 0 124241 1169 3 1.47532e-05 7.78667e-07 1123 1.12687e-05 7.29312e-07
912000 122333 101987 0 124743 1241 3 1.46825e-05 7.7644e-07 1182 1.12241e-05 7.26942e-07
914000 121818 101738 0 125258 1277 4 1.46021e-05 7.77552e-07 1230 1.11706e-05 7.27909e-07
916000 121280 101572 0 125796 1206 2 1.45198e-05 7.71066e-07 1165 1.11395e-05 7.21729e-07
918000 120772 101440 0 126304 1098 3 1.44456e-05 7.70013e-07 1056 1.112e-05 7.20297e-07
920000 128705 101293 0 126845 1205 3 1.54435e-05 7.65373e-07 1146 1.11074e-05 7.15352e-07
922000 128183 101190 0 127367 1172 2 1.54038e-05 7.61808e-07 1118 1.11032e-05 7.11727e-07
924000 127685 101129 0 127865 1093 2 1.53639e-05 7.61249e-07 1057 1.11031e-05 7.10287e-07
926000 127165 101106 0 128385 1145 3 1.53276e-05 7.61318e-07 1072 1.11076e-05 7.10575e-07
928000 126650 101159 0 128900 1199 3 1.52838e-05 7.59916e-07 1153 1.1125e-05 7.09417e-07
930000 126103 101292 0 129447 1029 3 1.52363e-05 7.61183e-07 997 1.11634e-05 7.10869e-07
932000 125570 101684 0 129980 1182 3 1.51921e-05 7.61775e-07 1138 1.12438e-05 7.12168e-07
934000 125043 102385 0 130507 1135 3 1.51399e-05 7.61322e-07 1104 1.13705e-05 7.11938e-07
936000 124498 103156 0 131052 1171 3 1.50747e-05 7.67829e-07 1123 1.15091e-05 7.18505e-07
938000 123988 103039 0 131562 1118 3 1.49946e-05 7.73858e-07 1080 1.14712e-05 7.25036e-07
940000 123462 102794 0 132088 1178 3 1.49099e-05 7.79833e-07 1137 1.14107e-05 7.31183e-07
942000 122906 102513 0 132644 1180 2 1.48149e-05 7.82593e-07 1129 1.1343e-05 7.33838e-07
944000 122422 102329 0 133128 1216 2 1.47443e-05 7.80045e-07 1184 1.13003e-05 7.31146e-07
946000 121876 102170 0 133674 1214 3 1.46597e-05 7.78424e-07 1184 1.12622e-05 7.29304e-07
948000 121350 102025 0 134200 1164 2 1.45791e-05 7.75931e-07 1118 1.12309e-05 7.2686e-07
950000 120813 101826 0 134737 1242 3 1.44994e-05 7.73277e-07 1201 1.11916e-05 7.23759e-07
952000 120290 101650 0 135260 1184 3 1.44237e-05 7.72261e-07 1140 1.11632e-05 7.22152e-07
954000 128881 101531 0 135752 1221 3 1.55154e-05 7.71871e-07 1173 1.11475e-05 7.21333e-07
956000 128348 101426 0 136285 1172 3 1.54712e-05 7.69656e-07 1142 1.11384e-05 7.18823e-07
958000 127812 101329 0 136821 1121 3 1.54274e-05 7.65445e-07 1083 1.11294e-05 7.14274e-07
960000 127274 101274 0 137359 1240 2 1.53797e-05 7.62212e-07 1187 1.11325e-05 7.10955e-07
962000 126708 101323 0 137925 1123 3 1.53239e-05 7.64898e-07 1073 1.11529e-05 7.13647e-07
964000 126160 101557 0 138473 1208 3 1.52753e-05 7.61628e-07 1153 1.12104e-05 7.10434e-07
966000 125624 102038 0 139009 1068 2 1.52164e-05 7.63344e-07 1033 1.13135e-05 7.11902e-07
968000 125063 102866 0 139570 1232 3 1.51511e-05 7.67445e-07 1172 1.14705e-05 7.16843e-07
970000 124505 102971 0 140128 1142 3 1.50678e-05 7.74252e-07 1099 1.14758e-05 7.24072e-07
972000 123968 102775 0 140665 1129 3 1.49807e-05 7.80298e-07 1103 1.14217e-05 7.30131e-07
974000 123442 102536 0 141191 1240 3 1.48891e-05 7.84153e-07 1205 1.13548e-05 7.34029e-07
976000 122883 102352 0 141750 1227 3 1.47971e-05 7.82802e-07 1173 1.13053e-05 7.33033e-07
978000 122381 102196 0 142252 1311 2 1.47233e-05 7.78598e-07 1255 1.12659e-05 7.29046e-07
980000 121881 102003 0 142752 1208 2 1.46493e-05 7.76774e-07 1170 1.12234e-05 7.26748e-07
982000 121380 101822 0 143253 1151 3 1.45784e-05 7.74242e-07 1105 1.11876e-05 7.23905e-07
984000 120847 101670 0 143786 1247 3 1.45008e-05 7.71206e-07 1210 1.11569e-05 7.20774e-07
986000 129181 101536 0 144314 1178 3 1.55476e-05 7.64895e-07 1130 1.11388e-05 7.14636e-07
988000 128672 101442 0 144823 1171 2 1.55053e-05 7.64804e-07 1123 1.11294e-05 7.1413e-07
990000 128152 101306 0 145343 1111 2 1.54572e-05 7.64833e-07 1072 1.11127e-05 7.13589e-07
992000 127618 101313 0 145877 1098 3 1.54114e-05 7.6256e-07 1054 1.11287e-05 7.11167e-07
994000 127083 101353 0 146412 1003 2 1.53711e-05 7.60495e-07 967 1.11459e-05 7.08678e-07
996000 126563 101527 0 146932 1094 3 1.53301e-05 7.58769e-07 1042 1.11872e-05 7.06629e-07
998000 126048 101927 0 147447 1164 2 1.52857e-05 7.61736e-07 1121 1.12661e-05 7.10629e-07
1000000 125524 102653 0 147971 1140 3 1.52291e-05 7.6617e-07 1099 1.13956e-05 7.15201e-07
